3193.973327428554
3193.4619378878815
3191.2785862198452
3187.2893093780376
3181.46277408567
3173.9693056795772
3165.6165971349187
3159.0719333947345
3158.7549802055964
3163.5715492010063
3170.451179673623
3177.332092990246
3183.2493665676893
3187.996082514232
3191.2955353429115
3193.306426371525
3193.973327428551
3193.4619378878715
3191.2785862198452
3187.2893093780435
3181.462774085659
3173.969305679572
3165.6165971349205
3159.0719333947354
3158.754980205596
3163.571549201007
3170.4511796736215
3177.332092990251
3183.2493665676816
3187.9960825142302
3191.295535342906
3193.3064263715305
3193.9733274285545
