0.0
0.09817477042468103
0.19634954084936207
0.2945243112740431
0.39269908169872414
0.4908738521234052
0.5890486225480862
0.6872233929727672
0.7853981633974483
0.8835729338221293
0.9817477042468103
1.0799224746714913
1.1780972450961724
1.2762720155208536
1.3744467859455345
1.4726215563702154
1.5707963267948966
1.6689710972195777
1.7671458676442586
1.8653206380689396
1.9634954084936207
2.061670178918302
2.1598449493429825
2.2580197197676637
2.356194490192345
2.454369260617026
2.552544031041707
2.650718801466388
2.748893571891069
2.84706834231575
2.945243112740431
3.043417883165112
3.141592653589793
