C      -1.39903876       0.00000000       0.00000000
C       1.39903876      -0.00000000       0.00000000
C      -0.69951938      -1.21160311       0.00000000
C      -0.69951938       1.21160311       0.00000000
C       0.69951938       1.21160311       0.00000000
C       0.69951938      -1.21160311       0.00000000
H      -2.48137727       0.00000000       0.00000000
H      -1.24068863       2.14893575       0.00000000
H       1.24068863       2.14893575       0.00000000
H       2.48137727      -0.00000000       0.00000000
H       1.24068863      -2.14893575       0.00000000
H      -1.24068863      -2.14893575       0.00000000
