C      -0.07460134       0.30601559      -0.69864374
C      -0.17811381      -0.77888142      -1.76657940
H       0.28414581       0.30726280       2.76637403
H      -0.73288289       1.41218133       1.76607312
H       0.98618162      -0.93900200       0.73656664
H      -0.80870981      -0.94551017       0.92284630
H       0.80557129       0.94775685      -0.92199386
H      -0.98945296       0.93688237      -0.73707917
H       0.73644049      -1.40951127      -1.76597506
H      -1.06619277      -1.41985246      -1.58062952
H      -0.28358002      -0.30745625      -2.76639096
C       0.17977699       0.77880517       1.76649949
C       0.07283826      -0.30592356       0.69872323
H       1.06966850       1.41706096       1.58021365
