C      -0.07224280       0.26063209      -0.68708357
C      -0.17611326      -0.56540834      -1.73061509
H       0.28154644       0.16244488       2.73272036
C       0.17619753       0.56540870       1.73060651
H       0.09491461      -1.33331571       0.85997900
C       0.07215041      -0.26063199       0.68709279
H      -0.09518353       1.33331500      -0.85995122
H       0.15760977       1.64322531       1.59822604
H      -0.15726003      -1.64322363      -1.59826171
H      -0.28161914      -0.16244631      -2.73271312
