C       0.67116471       1.50105972       1.86066494
H      -0.21642245       2.17037509       1.83566552
C       0.62087489       0.53181456       0.67381010
H       0.65223229       1.11814093      -0.26919627
H       0.25190283      -1.98766583      -0.35557520
H       1.51007825      -0.13557882       0.70780787
C       1.93492968       2.35551221       1.82218126
H       1.96417342       2.95971988       0.89042885
H       1.94415827       3.04487793       2.69261625
H       2.83827774       1.71073015       1.87013485
H       0.65402431       0.92891048       2.81391564
C      -0.65814600      -0.31778720       0.71273928
C      -0.68797249      -1.39364608      -0.38432820
C      -0.89068647      -0.80227255      -1.78704050
C      -1.04997023      -1.90489128      -2.82997675
H      -0.71714319      -0.83181682       1.69730317
H      -1.55181862       0.33804453       0.62174342
H      -1.52999782      -2.08554611      -0.16201376
H      -0.01615444      -0.17873897      -2.06855298
H      -1.80037864      -0.16330510      -1.79947657
H      -0.14599728      -2.55032944      -2.84983719
H      -1.94083378      -2.52775529      -2.60100112
H      -1.18400187      -1.45035029      -3.83422331
