C       0.06847714       0.50908766       1.34657051
C      -0.14702797      -0.36216336       0.35219195
H      -0.12789282       0.69160108       4.77622924
C       0.04928585       0.99211937       3.74861424
H      -0.51516616      -0.87325894       2.99382425
C      -0.16422846       0.12703356       2.75450709
H       0.41979653       1.51310140       1.11930430
H       0.39985923       2.00076988       3.55049600
H      -0.49794057      -1.36618994       0.57996188
C       0.08531919       0.01978275      -1.05609597
C      -0.12953065      -0.85076078      -2.05088043
H       0.43671527       1.02278413      -1.28738834
H      -0.48015721      -1.85638112      -1.83355907
C       0.10667910      -0.46285621      -3.47779012
H       1.17029419      -0.17795620      -3.62206314
H      -0.54594130       0.39314744      -3.75093202
H      -0.12854136      -1.31986071      -4.14299037
