C      -0.67905580      -0.42200481      -1.77245142
C      -0.76682627      -1.72194479      -2.56675723
C       0.67944453       0.42202313       1.77269028
H      -0.97941416       1.07094626       0.53103678
H       0.98036717      -1.07112224      -0.53151472
H      -0.65268522      -1.39094959       0.17068751
H      -0.07171870       0.31034832      -2.34792241
H      -1.70336569      -0.00817280      -1.64638097
H       0.24776367      -2.14416678      -2.72932777
H      -1.39082861      -2.46412618      -2.02465050
H      -1.23099894      -1.52266830      -3.55559821
C       0.04325078       0.65382973       0.39752179
C      -0.04240383      -0.65440714      -0.39742246
H       0.65426685       1.38995726      -0.17036214
H       1.70429218       0.00932012       1.64722019
H       0.07247473      -0.31049883       2.34845372
C       0.76560750       1.72238623       2.56644730
H       1.23063164       1.52391614       3.55504089
H      -0.24932371       2.14353726       2.72943533
H       1.38833728       2.46508023       2.02354563
