C       0.14858483       0.41776168       0.50192605
C      -0.14850864      -0.41794141      -0.50187370
H       0.26738870       0.46719068       3.93961674
C       0.34580300       0.80894448       2.91260492
H      -0.26617682      -1.03423268       2.14046516
C       0.05067706      -0.02074306       1.90924868
H       0.46682692       1.43454699       0.28281850
H       0.66603228       1.82919599       2.72269213
H      -0.46686434      -1.43469455      -0.28277146
C      -0.05064464       0.02065185      -1.90918137
C      -0.34579151      -0.80885985      -2.91269444
H       0.26602896       1.03423006      -2.14025668
H      -0.66595509      -1.82916559      -2.72295958
H      -0.26740070      -0.46688459      -3.93963495
