N      -0.62030248       0.46063247       0.50496220
C       0.40572021      -0.16150267       0.91507203
H       0.37632637      -0.53020022       1.94500849
H      -0.49309697       0.76046522      -0.46653324
C       1.89269187      -1.99437350       0.04000811
C       1.66306095      -0.48305542       0.16163502
H       1.87948904      -2.44448396       1.03899270
H       1.05697143      -2.43802028      -0.51125535
H       3.44060281      -4.32521612       0.20175173
H       1.62831412      -0.02386906      -0.83167964
H       2.51084856      -0.03724020       0.69621162
C       3.42701448      -3.84645777      -0.78014695
C       3.20839899      -2.34184927      -0.65125265
H       3.22662915      -1.88157536      -1.64496896
H       4.03683387      -1.89635170      -0.09004774
H       4.37445643      -4.06948422      -1.27297963
H       2.62880277      -4.30985030      -1.36418667
