N      -0.59666303       0.48727927       0.66502118
C       0.45999808      -0.13672350       0.98476278
H       0.52576862      -0.49468972       2.01683619
H      -0.55931847       0.77590044      -0.31720669
C       1.85923802      -1.98722071       0.00319010
C       1.63880548      -0.47384274       0.11944550
H       1.93131317      -2.42087897       1.00665444
H       0.97929151      -2.43845232      -0.46709329
H       3.36622215      -4.30416176       0.06554853
H       1.50752849      -0.03303129      -0.87404423
H       2.53364961      -0.01784750       0.56100930
C       3.32259388      -3.84992332      -0.93152990
C       3.11125338      -2.34491548      -0.79210521
H       3.05010458      -1.89406568      -1.78940318
H       3.98680912      -1.89874248      -0.30602194
H       2.45333790      -4.29241312      -1.43220289
C       4.78314193      -5.71911232      -1.85195547
C       4.58840386      -4.21295741      -1.70347384
H       5.69703930      -5.95145988      -2.40088825
H       3.94632720      -6.17084725      -2.38956935
H       4.84889667      -6.20305017      -0.87457974
H       4.55131943      -3.74866865      -2.69504704
H       5.45630650      -3.77979710      -1.19424520

symmetry c1
