H         5.400100000000     -3.818200000000     -1.311700000000
H         4.155000000000     -2.978300000000     -3.299400000000
C         4.393600000000     -3.410200000000     -1.197400000000
C         3.697900000000     -2.939300000000     -2.308200000000
H         4.317900000000     -3.761200000000      0.932900000000
C         3.788500000000     -3.373200000000      0.059400000000
C         2.410900000000     -2.418300000000     -2.164100000000
H         1.899900000000     -2.055300000000     -3.059100000000
H        -1.522700000000     -6.160300000000     -1.987500000000
H        -2.707500000000     -6.642600000000      0.150600000000
H         6.870300000000      1.841700000000      0.070400000000
H         5.886300000000     -0.074000000000     -1.189900000000
C         2.503900000000     -2.857300000000      0.201800000000
C        -1.511200000000     -5.428600000000     -1.176900000000
C        -2.172700000000     -5.699200000000      0.022400000000
C         1.799100000000     -2.357700000000     -0.904400000000
H        -0.296300000000     -4.039200000000     -2.277800000000
C         5.790200000000      1.776700000000     -0.076800000000
C        -0.827200000000     -4.228100000000     -1.339600000000
C         5.240300000000      0.706700000000     -0.781200000000
H         2.028700000000     -2.855300000000      1.184600000000
C        -2.142100000000     -4.766000000000      1.055100000000
H        -2.657200000000     -4.972500000000      1.996200000000
H         5.373500000000      3.615100000000      0.978600000000
C         4.951900000000      2.768800000000      0.431800000000
C        -0.805400000000     -3.275100000000     -0.307900000000
H         0.001800000000     -1.791600000000     -3.029400000000
C        -1.462300000000     -3.558400000000      0.891500000000
C         3.861600000000      0.623600000000     -0.968800000000
H         3.456300000000     -0.237100000000     -1.503900000000
H         1.680200000000      0.186000000000     -2.572700000000
H        -1.451300000000     -2.818200000000      1.696600000000
H         0.111400000000     -0.038800000000     -4.688600000000
P         0.105700000000     -1.704000000000     -0.588100000000
C         3.574200000000      2.692000000000      0.238400000000
C        -0.526000000000     -1.214100000000     -2.256800000000
C         3.009600000000      1.616600000000     -0.465900000000
H         2.932700000000      3.481100000000      0.641600000000
H        -1.563400000000     -1.577000000000     -2.300200000000
H        -1.642400000000     -0.121600000000     -4.426900000000
C         0.891300000000      0.908400000000     -2.309900000000
C        -0.723200000000      0.400500000000     -4.122100000000
H         1.056100000000      1.773900000000     -2.969600000000
C        -0.491700000000      0.285600000000     -2.613500000000
H        -0.817400000000      1.451300000000     -4.432100000000
P         1.181300000000      1.455800000000     -0.562300000000
Ru       -0.047300000000      0.041300000000      0.958600000000
H         1.827000000000      3.646000000000     -2.436100000000
H        -5.061500000000     -2.431900000000      2.138800000000
H        -3.264200000000     -0.743000000000      2.004000000000
C        -4.719600000000     -2.084100000000      1.161400000000
C        -3.716000000000     -1.124500000000      1.083500000000
C        -1.633700000000      1.056800000000     -1.906800000000
C         1.154200000000      4.050900000000     -1.674200000000
H        -2.570100000000      0.942400000000     -2.474500000000
C         0.687500000000      3.231600000000     -0.632200000000
H         0.039700000000      1.450700000000      2.022500000000
H        -6.054700000000     -3.375300000000      0.054400000000
C        -5.277400000000     -2.610600000000     -0.004100000000
H        -1.408400000000      2.135900000000     -1.932200000000
P        -1.937200000000      0.628900000000     -0.136500000000
C        -3.262700000000     -0.655000000000     -0.158400000000
H         1.167400000000      6.016000000000     -2.553900000000
C         0.794000000000      5.393400000000     -1.738000000000
C        -4.842400000000     -2.149000000000     -1.243200000000
C        -3.853900000000     -1.166300000000     -1.320200000000
C        -0.122100000000      3.803300000000      0.353300000000
H        -5.280600000000     -2.545000000000     -2.161700000000
H        -0.484400000000      3.193700000000      1.183100000000
H        -3.557200000000     -0.808300000000     -2.309000000000
C        -0.034300000000      5.944900000000     -0.757900000000
C        -2.891400000000      2.068700000000      0.492900000000
C        -0.485300000000      5.149800000000      0.291700000000
H        -2.541300000000      1.552100000000      2.567000000000
H        -3.463700000000      2.849500000000     -1.453300000000
H        -0.318600000000      6.998000000000     -0.811400000000
C        -3.024300000000      2.250000000000      1.876400000000
C        -3.530900000000      2.968800000000     -0.369700000000
H        -1.127000000000      5.571000000000      1.068900000000
C        -3.765000000000      3.313500000000      2.386400000000
C        -4.267400000000      4.036400000000      0.141900000000
H        -3.859700000000      3.439500000000      3.467100000000
H        -4.755200000000      4.732400000000     -0.543900000000
C        -4.384000000000      4.213900000000      1.519100000000
H        -4.962100000000      5.050200000000      1.917600000000
H        -0.952100000000     -0.951500000000      1.897300000000
C         1.382600000000     -1.559900000000      3.369100000000
C         3.440300000000     -0.516100000000      3.819500000000
C         2.732600000000     -1.853200000000      3.979000000000
H         0.855300000000     -2.435000000000      2.959000000000
H         0.698800000000     -1.064900000000      4.082100000000
H         4.534000000000     -0.585300000000      3.873900000000
H         3.119200000000      0.180400000000      4.609200000000
H         3.250700000000     -2.640200000000      3.408000000000
H         2.664400000000     -2.195000000000      5.019400000000
O         1.665600000000     -0.662300000000      2.280600000000
C         2.957100000000     -0.044500000000      2.462600000000
H         2.840700000000      1.047200000000      2.388100000000
H         3.612800000000     -0.372800000000      1.637900000000
H        -0.485500000000      0.871800000000      2.422700000000
