26

N      -1.99048811       0.99487422       0.46341017
C      -2.81173123       1.98510263      -0.20375129
H      -2.19714465       0.87302091       1.46582933
H      -2.80978630       2.92228022       0.38090944
H      -2.36433102       2.21148717      -1.19117208
H      -3.87381409       1.68847188      -0.37488111
H      -1.44708804      -0.02402055      -1.25343069
H      -0.91290589      -1.07257329       1.55647521
H      -0.79914375      -2.14103006       0.14035632
H       1.48779472      -2.60644695       0.03037469
H       3.81049127      -1.84630078      -0.42441911
H       4.32651607       0.59057790      -0.54136816
H       2.50149856       2.25577123      -0.19906490
H       0.15139192       1.46031118       0.28571251
H      -3.40634004      -1.44539226       0.65699653
H      -3.91383589      -0.48606454      -0.77189857
H      -2.95100547      -1.97416623      -0.99680802
C       1.71335891      -1.53334671      -0.01297276
C       3.01569507      -1.10803604      -0.27015837
C       3.30421670       0.25387133      -0.33768384
C       2.28185528       1.18325312      -0.14552562
C       0.98218712       0.75800404       0.12053386
C      -3.09280619      -1.09161712      -0.34516832
C      -1.80871936      -0.27491363      -0.23160799
C      -0.71402669      -1.08463921       0.46112553
C       0.68416110      -0.60837845       0.18798725
