P    -0.228043    -0.066779    -1.064711
C     0.756530    -1.513935    -0.314938
H     0.037058    -2.342668    -0.419571
C     1.969002    -1.885776    -1.213038
H     2.726281    -1.092255    -1.160395
H     1.650755    -1.947991    -2.260338
C     2.608203    -3.220896    -0.770229
H     1.888155    -4.035918    -0.935932
H     3.483103    -3.442394    -1.394803
C     3.009451    -3.193035     0.719118
H     3.414531    -4.166870     1.021756
H     3.815427    -2.458072     0.862356
C     1.813342    -2.810310     1.614709
H     1.050926    -3.601407     1.561024
H     2.129060    -2.747709     2.664131
C     1.185280    -1.467527     1.171704
H     1.928601    -0.671746     1.310471
H     0.331922    -1.222059     1.815265
C     0.552983     1.568739    -0.471731
H    -0.074375     2.304757    -1.002662
C     1.987659     1.731210    -1.041587
H     2.661853     1.027817    -0.534149
H     2.002361     1.472872    -2.107548
C     2.519127     3.166540    -0.835820
H     1.908474     3.864283    -1.427236
H     3.545314     3.244304    -1.217178
C     2.469066     3.577774     0.649863
H     2.802094     4.616506     0.768824
H     3.172668     2.953657     1.220560
C     1.051365     3.401844     1.231950
H     1.045970     3.653438     2.300372
H     0.366587     4.107335     0.738369
C     0.527193     1.959585     1.028901
H    -0.487426     1.877030     1.434710
H     1.153952     1.270647     1.606608
C    -1.835701    -0.126202    -0.048321
H    -1.603514    -0.085127     1.026748
C    -2.606446    -1.445002    -0.328536
H    -2.008849    -2.312484    -0.025671
H    -2.770911    -1.538477    -1.412004
C    -3.968186    -1.491044     0.399500
H    -4.490274    -2.423250     0.148514
H    -3.797345    -1.508125     1.486002
C    -4.843505    -0.274247     0.042416
H    -5.106700    -0.318100    -1.024574
H    -5.786698    -0.305081     0.602225
C    -4.094973     1.042196     0.326320
H    -3.929055     1.138755     1.409465
H    -4.707143     1.901659     0.024330
C    -2.733955     1.090183    -0.403453
H    -2.906587     1.098367    -1.489803
H    -2.224183     2.029393    -0.160178
