Ru   -1.042974    -1.029665    -0.207673
C    -2.199078     0.377399      0.026275
Cl    -1.038899    -2.072701     1.894462
Cl    -0.964060    -1.337704    -2.528077
P      0.940346     0.075819    -0.012046
H    -1.876378     1.423202     0.035862
C     1.286785     1.328292    -1.391546
H     1.391593     0.663856    -2.260465
C     2.603904     2.133377    -1.234217
H     3.448132     1.471939    -1.011127
H     2.508064     2.827580    -0.389591
C     2.909106     2.948396    -2.512346
H     3.834459     3.520050    -2.369384
H     3.090268     2.256395    -3.347462
C     1.743796     3.890739    -2.869973
H     1.959817     4.423383    -3.804055
H     1.643864     4.656480    -2.086371
C     0.420839     3.110846    -2.993844
H    -0.410278     3.798731    -3.192295
H     0.476914     2.428898    -3.854437
C     0.111129     2.283125    -1.725437
H    -0.799700     1.703701    -1.892624
H    -0.072027     2.966370    -0.884414
C     2.396697    -1.131465    -0.179249
H     3.286013    -0.495756    -0.053041
C     2.505444    -1.810267    -1.570927
H     2.512293    -1.067515    -2.374740
H     1.626147    -2.440775    -1.744811
C     3.786854    -2.669496    -1.664148
H     3.825785    -3.155161    -2.646869
H     4.668437    -2.013866    -1.600506
C     3.853600    -3.723526    -0.542169
H     3.042281    -4.452746    -0.681288
H     4.794867    -4.283445    -0.602234
C     3.709623    -3.064691     0.843236
H     4.585613    -2.427291     1.037450
H     3.695009    -3.828770     1.630001
C     2.424564    -2.212245     0.935218
H     2.351640    -1.760933     1.929658
H     1.548741    -2.863074     0.835040
C     1.205851     0.829761     1.709703
H     0.862122     0.003580     2.347883
C     2.669065     1.165588     2.113222
H     3.044927     2.001187     1.511646
H     3.334896     0.316429     1.933428
C     2.743219     1.557322     3.608003
H     2.452048     0.693195     4.222289
H     3.781193     1.796606     3.870556
C     1.820077     2.748350     3.928229
H     1.857631     2.980961     4.999346
H     2.183669     3.641029     3.398047
C     0.371089     2.453133     3.496941
H    -0.265743     3.329162     3.671193
H    -0.035748     1.638826     4.113050
C     0.285005     2.042388     2.008727
H    -0.752746     1.798007     1.768004
H     0.578707     2.896500     1.382691
C    -6.464954    -0.007293     0.106935
C    -5.863950     1.226570    -0.177187
C    -4.473616     1.340470    -0.181399
C    -3.651048     0.218062     0.087356
C    -4.276810    -1.017664     0.385961
C    -5.667616    -1.124411     0.392833
H    -7.546087    -0.095919     0.113799
H    -6.478667     2.094480    -0.391081
H    -4.007774     2.296405    -0.401755
H    -3.669749    -1.877481     0.648417
H    -6.131699    -2.075925     0.628751 
