C      -0.00958409       0.26143329      -0.03302356
C      -0.12570490      -0.61439003      -1.03948865
H       0.43152467       0.31120639       3.37805783
C       0.29417699       0.67057693       2.36332458
H       0.22355165      -1.26357318       1.57428125
C       0.17810767      -0.19961890       1.35761871
H      -0.05417054       1.32804510      -0.24128676
H       0.25394303       1.74155276       2.18745257
H      -0.08001830      -1.68277244      -0.84470996
C      -0.31170274      -0.14647407      -2.44973986
H      -0.40265108      -1.02199942      -3.12608656
H       0.56220613       0.46174746      -2.76521165
H      -1.23554433       0.46481402      -2.52827923
