C      -0.37581912      -0.02676077      -1.32762677
C      -0.47888435      -1.33201493      -2.11130117
C       0.59589258       0.78138967       2.34424006
H      -0.82461266       1.54295566       0.90767938
H       1.04961257      -0.79056603       0.12164248
H      -0.68086511      -0.94906407       0.61454866
H       0.36194143       0.63658704      -1.82968527
H      -1.36675442       0.47755341      -1.33742456
H       0.50640328      -1.84439604      -2.13890304
H      -1.22947730      -2.00453340      -1.64394914
H      -0.79593144      -1.11590975      -3.15329744
C       0.16253483       1.03119965       0.90268405
C       0.05981557      -0.28260376       0.11961993
H       0.90444540       1.70105326       0.41567110
H       1.59306524       0.29235748       2.36817188
H      -0.14315438       0.13396990       2.86265304
H       0.66178787       1.74878263       2.88527683
