C      -0.12124591       0.17699579      -0.76262053
C      -0.23736673      -0.69882753      -1.76908561
H       0.31986284       0.22676889       2.64846086
C       0.18251517       0.58613943       1.63372761
H       0.11188983      -1.34801068       0.84468428
C       0.06644585      -0.28405640       0.62802174
H      -0.16583236       1.24360759      -0.97088372
H       0.14228121       1.65711525       1.45785561
H      -0.19168012      -1.76720994      -1.57430693
C      -0.42336456      -0.23091157      -3.17933682
H      -0.51431290      -1.10643692      -3.85568353
H       0.45054431       0.37730996      -3.49480862
H      -1.34720616       0.38037652      -3.25787620
